%YAML:1.0
---
R: !!opencv-matrix
   rows: 3
   cols: 3
   dt: d
   data: [ 9.9837063283446648e-01, 7.4020715884202575e-03,
       5.6579933102707133e-02, -7.6685962180431068e-03,
       9.9996049339635418e-01, 4.4949169696997127e-03,
       -5.6544426124522013e-02, -4.9214817605860422e-03,
       9.9838795409977210e-01 ]
T: !!opencv-matrix
   rows: 3
   cols: 1
   dt: d
   data: [ -1.2025767899860661e+02, -9.6591500986427548e-02,
       8.1281344894279641e+00 ]
R1: !!opencv-matrix
   rows: 3
   cols: 3
   dt: d
   data: [ 9.9990461320392221e-01, 8.5184458395729055e-03,
       -1.0872008737707290e-02, -8.4943470516566939e-03,
       9.9996136657502410e-01, 2.2608462079993343e-03,
       1.0890847610747829e-02, -2.1682799377563894e-03,
       9.9993834209936727e-01 ]
R2: !!opencv-matrix
   rows: 3
   cols: 3
   dt: d
   data: [ 9.9772331807735748e-01, 8.0137579292035416e-04,
       -6.7435438469298878e-02, -9.5080249323128106e-04,
       9.9999716353131507e-01, -2.1837820274124126e-03,
       6.7433497160735614e-02, 2.2429280333763745e-03,
       9.9772125001651157e-01 ]
P1: !!opencv-matrix
   rows: 3
   cols: 4
   dt: d
   data: [ 3.0861617445802364e+02, 0., 3.9846273866425003e+02, 0., 0.,
       3.0861617445802364e+02, 2.2562522308398127e+02, 0., 0., 0., 1.,
       0. ]
P2: !!opencv-matrix
   rows: 3
   cols: 4
   dt: d
   data: [ 3.0861617445802364e+02, 0., 3.9846273866425003e+02,
       -3.7198153204707822e+04, 0., 3.0861617445802364e+02,
       2.2562522308398127e+02, 0., 0., 0., 1., 0. ]
Q: !!opencv-matrix
   rows: 4
   cols: 4
   dt: d
   data: [ 1., 0., 0., -3.9846273866425003e+02, 0., 1., 0.,
       -2.2562522308398127e+02, 0., 0., 0., 3.0861617445802364e+02, 0.,
       0., 8.2965456042845952e-03, 0. ]
