%YAML:1.0
---
M1: !!opencv-matrix
   rows: 3
   cols: 3
   dt: d
   data: [ 3.6495946308591482e+02, 0., 3.8394512355037375e+02, 0.,
       3.6651976298826332e+02, 2.3728256812409148e+02, 0., 0., 1. ]
D1: !!opencv-matrix
   rows: 4
   cols: 1
   dt: d
   data: [ -2.7517328879777734e-02, 0., 0., 0. ]
M2: !!opencv-matrix
   rows: 3
   cols: 3
   dt: d
   data: [ 3.6726807970683825e+02, 0., 3.6058902026061486e+02, 0.,
       3.7163399590363809e+02, 2.2283937907920853e+02, 0., 0., 1. ]
D2: !!opencv-matrix
   rows: 4
   cols: 1
   dt: d
   data: [ -2.3955716213640534e-02, 0., 0., 0. ]
